0.18994839294741142,0.15110421907441168,0.12720544146498872
0.3729804139503056,0.2987384317412404,0.252344148473597
0.542431528945669,0.43951231794807194,0.3733829652533749
0.6921317097509229,0.5701931004094652,0.4883553478395571
0.8166300961900756,0.6877797831554424,0.595393314942299
0.9113934719839888,0.7895720673785025,0.6927577974447103
0.9729713275308768,0.8732323619732472,0.7788668934367949
0.999121499336227,0.9368394647384255,0.8523215697196184
0.9888918113283582,0.9789326814888258,0.9119283922017802
0.9426547453484745,0.9985453699113851,0.9567189158824967
0.8620938783986123,0.995227137853501,0.9859654193880268
0.7501425804923427,0.9690541862748374,0.9991927284190055
0.6108772052327505,0.9206275593437148,0.996185936010568
0.4493686622460872,0.8510593418634429,0.9769938941725196
0.2714977759930366,0.7619471209953821,0.9419284201801132
0.08374115408442377,0.6553372987480286,0.8915592304110037
-0.10706463796837364,0.5336780977360496,0.8267046840394286
-0.29397200873524076,0.39976333940029457,0.7484184869768281
-0.4701753155079856,0.25666828578401796,0.6579725720828735
-0.629258670325758,0.10767901821561282,0.5568364337958323
-0.7654295543099908,-0.043783025331247394,0.4466532529370266
-0.8737297339792904,-0.19423962125147332,0.32921319959487305
-0.9502157996915542,-0.34023563536612317,0.20642434784235275
-0.9921027524750595,-0.4784183677468784,0.08028167484281394
-0.9978654109867172,-0.6056145452070891,-0.04716535197762093
-0.9672939461827676,-0.7189031933787946,-0.17384607307279054
-0.9015015215819532,-0.8156827149176573,-0.2977022792322146
-0.8028837609250703,-0.8937306334301008,-0.41672165175349984
-0.6750315190883013,-0.9512546311436921,-0.5289704570216868
-0.5226001324225482,-0.9869337082751118,-0.6326249642996031
-0.3511399093554846,-0.9999485188986071,-0.726001076277549
-0.16689403340669792,-0.9900001866721827,-0.8075816909683364
0.023428762659443964,-0.9573171683310768,-0.8760413503930268
0.21289847418910654,-0.9026500073330267,-0.9302677755848114
0.3946161589126256,-0.8272540981343193,-0.9693799380271474
0.5619651401793488,-0.732860856903395,-0.9927423739155603
0.7088519323797543,-0.6216379607171107,-0.9999755086761993
0.8299281160150976,-0.496139568319679,-0.9909618239964415
0.9207850835333456,-0.35924766559096427,-0.9658477671704598
0.9781145648756873,-0.21410588268586628,-0.9250413717382029
0.9998290877018867,-0.064047302689515,-0.8692056280757842
0.9851379861151011,0.08748208038621012,-0.7992477116467359
0.934576190268054,0.23700249652938818,-0.7163042439250707
0.8499847485678125,0.38108031029780964,-0.6217228254591448
0.734443791701683,0.5164068719394727,-0.5170401411126381
0.5921603793878953,0.6398744983010599,-0.40395699321156314
0.4283153135581077,0.7486478386741123,-0.2843106682391995
0.2488744957867884,0.8402289867104107,-0.16004508604325146
0.06037169779202057,0.9125148431553718,-0.03317921654755682
-0.13032934526485493,0.9638454121030039,0.09422572289109633
-0.31628485605820295,0.9930419216815201,0.22009975652938643
-0.4907238508601665,0.9994338937537972,0.342397781583285
-0.6472946835685747,0.9828745409952738,0.4591327954574993
-0.7802963208771126,0.9437441377657887,0.5684081790085285
-0.884885927431494,0.8829412873655638,0.668448511328132
-0.9572552024125525,0.8018622862168981,0.7576284153927202
-0.9947690468054607,0.7023690588592238,0.834498965917145
-0.9960615122235846,0.5867464001087099,0.8978112303587419
-0.9610855376130323,0.45764950628736034,0.9465365605958107
-0.8911146628325776,0.31804300043153766,0.9798833055972344
-0.7886966567143519,0.17113285172480872,0.9973096735488511
-0.6575607480932939,0.020292752579433575,0.9985325344628211
-0.5024818376949713,-0.13101335593291838,0.9835320202520782
-0.3291066351778461,-0.2793108311499779,0.9525518475314604
-0.14374805200148713,-0.42119412164251824,0.9060953579008939
0.04684466334369385,-0.5534049734044344,0.8449173400450144
0.23573167794419742,-0.6729072534569411,0.7700117665173529
0.41603526660216816,-0.7769566725932683,0.682595644452208
0.5811902425174457,-0.8631638061281248,0.5840892425852117
0.7251830078691023,-0.9295489654229143,0.4760930158384827
0.8427705200230912,-0.9745876600991937,0.3603616023816295
0.9296712004018426,-0.997245606931297,0.23877531564403087
0.9827208346711113,-0.9970024814625569,0.11330959445385627
0.9999877876302327,-0.9738638669052723,-0.013997092345959583
0.9808433376187569,-0.9283611259260073,-0.14107636534407503
0.9259845694337592,-0.8615391982605791,-0.2658635399706161
0.8374089921844139,-0.7749326043782814,-0.38633117187614874
0.7183418062946404,-0.6705302062549812,-0.5005219972607117
0.573118467996641,-0.550729534500177,-0.606580732964193
0.40702682735909973,-0.4182817306846861,-0.7027842196550853
0.22611458789610944,-0.276228369231286,-0.7875694183746933
0.0369690985082126,-0.12783160971090682,-0.859558805570827
-0.15352250406216014,0.023500716450201256,-0.9175827540223649
-0.3384240686044606,0.17429336451916708,-0.9606985360269478
-0.5110029875211453,0.32108348310626,-0.9882056401028623
-0.6649753435097949,0.4605001362099083,-0.9996571523513451
-0.7947347186025222,0.5893417144868631,-0.9948670175638379
-0.8955563342028693,0.7046494580499211,-0.9739130621013985
-0.9637690890042189,0.803775402391815,-0.9371357294328992
-0.9968892305712612,0.8844431871029454,-0.8851325488759884
-0.9937107933552582,0.944800330951832,-0.8187484274083897
-0.9543495101278701,0.9834607728663075,-0.7390619222805934
-0.8802385979371056,0.9995367018905639,-0.6473677174617706
-0.774076572026527,0.9926589451645462,-0.5451555886279202
-0.6397289879093329,0.9629854457295225,-0.4340861984526548
-0.4820876893499455,0.911197635472741,-0.3159641154597773
-0.30689268729415514,0.8384847865040497,-0.19270849480624533
-0.12052315546508166,0.7465167003245633,-0.06632189735120068
0.07023484713855009,0.6374053619621682,0.061142246385588336
0.2584354691887648,0.513656439660788,0.1876129987557026
0.4372259783086733,0.37811174390028807,0.3110355619561718
0.6000962817197321,0.23388396713679843,0.4294046627760133
0.7411159707481539,0.08428520292129268,0.5407971327059438
0.8551502579620139,-0.06724911409342083,0.6434031540751581
0.9380469442689127,-0.21723910059083887,0.7355556645524115
0.9867876081567227,-0.36224033776249165,0.8157574422700562
0.9995975119978185,-0.4989229700611634,0.882705431513153
0.9760102235251841,-0.6241481730861331,0.9353119137489062
0.9168845994930563,-0.7350402345670967,0.9727221800260838
0.824373513115641,-0.8290525931555617,0.994328417617124
0.7018454639756389,-0.9040263184874918,0.9997795852836348
0.5537619247306369,-0.9582396895620025,0.9889871167196927
0.3855148906504393,-0.9904477329021302,0.9621263595078671
0.20323054710678903,-0.9999108125304644,0.9196337262089319
0.013546203844965618,-0.9864116152101743,0.8621996038721341
-0.1766313817274362,-0.9502601408968246,0.7907571371667469
-0.3603774923389565,-0.8922865837986201,0.7064670673777993
-0.5310015926045472,-0.8138222675267286,0.6106988735901251
-0.6822909437806794,-0.7166690721470969,0.5050085224640115
-0.8087368210619345,-0.6030580552208524,0.3911131881066625
-0.9057350964293401,-0.4755982170732075,0.2708633527712439
-0.9697538834583376,-0.33721658686185557,0.14621274166950773
-0.9984621398291746,-0.19109100532789247,0.01918658037361269
-0.9908145448847075,-0.040577147827970325,-0.10815130946393575
-0.9470895616869086,0.11086853648543846,-0.23373204146926144
-0.8688792976622801,0.259768199686003,-0.35551527819371403
-0.7590315330288047,0.40270246150387445,-0.4715223809198812
-0.6215460278565199,0.5363889330857915,-0.5798685570349027
-0.46142888341323,0.6577575948397297,-0.6787934826657186
-0.28451026076784364,0.764021297362803,-0.7666899030436533
-0.0972320938537843,0.8527397664462119,-0.8421297459219894
0.09358647324793637,0.9218756423254433,-0.9038873237761623
0.2809973839440693,0.9698412662722088,-0.9509592478153757
0.4581766607072341,0.9955351401055917,-0.9825807302583892
0.6186728787059826,0.9983672213543535,-0.998238010006824
0.7566420741028581,0.9782724731840481,-0.9976766998333996
0.8670605335752896,0.9357123579240313,-0.9809059194665078
0.945907716999715,0.8716642398965215,-0.9481981474200026
0.9903126527460016,0.7875989409045787,-0.9000847939755643
0.9986584750590453,0.6854469638020891,-0.8373475672443423
0.9706412971283068,0.5675541597986601,-0.7610057725853677
0.9072812761680584,0.43662785756986733,-0.6722997517298317
0.810885467608323,0.29567469128143814,-0.572670730679383
0.6849638209440471,0.14793155526488397,-0.46373740379401607
0.534101375988846,-0.003208729076162461,-0.347269634512984
0.3637913131038633,-0.1542753271196145,-0.22515969999879115
0.18023493635136997,-0.301799096399474,-0.09939154689884817
-0.009884127443953923,-0.4423922531211712,0.027991442266935087
-0.19964329189667943,-0.5728261703299063,0.15491964838609232
-0.3821330752214047,-0.6901055211496175,0.27933084130516567
-0.5507086872308481,-0.7915370644430659,0.39920368533125083
-0.6992319784237638,-0.8747914932768315,0.5125905803123366
-0.8222949413494205,-0.937956925882933,0.6176493047203174
-0.9154166261509599,-0.9795828107332716,0.7126729466245657
-0.9752063002288917,-0.9987132374764569,0.7961176362610799
-0.9994869110799135,-0.994908888773864,0.8666276296201101
-0.9873743568009773,-0.9682571289258126,0.9230573355137651
-0.939309677873086,-0.9193699976093718,0.964489928245038
-0.8570429980624941,-0.849370154800254,0.9902522434741922
-0.7435697991807695,-0.7598650996441868,0.9999257152660991
-0.6030218500574462,-0.6529102553239566,0.9933531766219661
-0.44051676120289673,-0.5309617676532715,0.9706414130057267
-0.26197164315412186,-0.3968201013458496,0.9321594273773968
-0.07388765354736286,-0.253565729233375,0.8785324449217822
0.11688672204324953,-0.10448839128597585,0.8106317548789987
0.30340503611903596,0.04698845204586141,0.7295605545188114
0.478875812244765,0.19738623728997765,0.6366360252548049
0.6369098352539039,0.34325118081490835,0.5333679321116596
0.7717527943778207,0.4812335926399691,0.421434094244635
0.8784948083328344,0.6081647998048735,0.30265312504708325
0.9532492031694307,0.7211299128056532,0.1789548847433408
0.9932940332519846,0.8175347640648128,0.052349125530209185
0.9971711923285385,0.8951654812388767,-0.07510716130382174
0.9647395058734991,0.9522393273025705,-0.20134316576313796
0.8971798715129558,0.9874456399013952,-0.3243079040451068
0.796952260360233,0.9999759298280116,-0.4420035413196988
0.6677061449225008,0.9895424474312151,-0.552517850986234
0.5141476150638564,0.9563847905924673,-0.6540552830345834
0.34186802057818666,0.9012644025222614,-0.7449661367364611
0.1571403798123399,0.8254470857307036,-0.8237733636917297
-0.03330903252219685,0.7306739337271874,-0.8891965657548048
-0.22254560143931487,0.6191213479830487,-0.9401727979416215
-0.4036788738226384,0.4933510583406872,-0.9758738383278395
-0.5701134525546068,0.3562512946166856,-0.9957196443504593
-0.7157891471114813,0.2109704603534069,-0.9993877768854216
-0.835401636297398,0.06084483185657985,-0.986818638986139
-0.924595608379615,-0.09067805713835857,-0.958216444168041
-0.9801233460357734,-0.24011858575166975,-0.9140458985072047
-0.9999629817422357,-0.38404495310435305,-0.855024650459726
-0.9833921177063148,-0.519151987309123,-0.7821116310712697
-0.9310141297046418,-0.6423370465120902,-0.6964914740159409
-0.8447361970563139,-0.7507712689688828,-0.5995552685954949
-0.7276998587000943,-0.8419645359453524,-0.4928779584090851
-0.5841666239572024,-0.9138226556136614,-0.3781927529022971
-0.41936280310317503,-0.9646954547542074,-0.257362967536544
-0.23928920775434037,-0.9934146738698649,-0.13235175009777303
-0.05050265022953153,-0.9993207954768568,-0.005190185007682464
0.14012280210113126,-0.9822781894786453,0.12205570614634711
0.3256461243100208,-0.9426782278195616,0.24731853171304544
0.4993120694541717,-0.881430296892246,0.36856311933877467
0.6547971395977755,-0.7999409140929118,0.48381958185510293
0.7864398360556066,-0.7000814280986217,0.5912153224638176
0.8894468050205936,-0.5841450446079375,0.6890054592241124
0.9600673724323541,-0.45479416441978077,0.7756011745287449
0.995730112949649,-0.31499924319601025,0.8495955289690399
0.9951364802981401,-0.16797057695195247,0.9097863201852715
0.9583080897394914,-0.017084579775118756,0.955195615309701
0.8865859310197554,0.13419375324550673,0.9850856396544494
0.7825815404550442,0.2823904172930724,0.9989707634972036
0.6500819100690683,0.4241021759988195,0.9966253922128717
0.4939115962165326,0.5560747144683595,0.9780876315584917
0.3197570485721926,0.6752773724268212,0.9436586685607121
0.13395955599165282,0.7789727412866094,0.8938978780647104
-0.05671565153231986,0.8647795268880664,0.8296137344494937
-0.2453257373935799,0.9307272343126897,0.7518506761689392
-0.4250030598813339,0.9753014189689875,0.6618721365332185
-0.5892052357037985,0.9974784647903961,0.5611400164331918
-0.7319533602518589,0.9967490908873882,0.45129093251887775
-0.848049710562784,0.9731300468393763,0.33410962673302413
-0.9332670040168485,0.9271637280519264,0.21149996922082084
-0.9845023215080362,0.8599057200123393,0.08545402573784504
-0.9998900904617904,0.7729005574813863,-0.0419803078752608
-0.97887001377936,0.6681462552949475,-0.16873257830163466
-0.9222074712904029,0.5480484253018215,-0.2927434138532634
-0.8319656508592366,0.41536503311121276,-0.4119979835304018
-0.711430423902657,0.27314306327392673,-0.5245587324187817
-0.5649907007405285,0.12464854733863533,-0.6285968615654306
-0.3979786222618862,-0.026708438358331244,-0.7224220408727644
-0.21647540682326022,-0.17745208279448652,-0.8045098722590869
-0.02708992185237835,-0.32412065991546263,-0.8735266568855625
0.16328195722572203,-0.46334602483742793,-0.928351064051131
0.34770843855405303,-0.5919309610211183,-0.9680923496961474
0.5194742131926836,-0.7069226021917918,-0.9921048285147201
0.6723249719247528,-0.8056802429202757,-0.9999983645442212
0.8006951362108027,-0.885935980640879,-0.9916447097890699
0.8999105111866159,-0.9458467965031594,-0.9671795878937914
0.9663584817344777,-0.9840368790559221,-0.927000489011467
0.9976195544744436,-0.9996292188286475,-0.8717602116948159
0.9925554559886697,-0.9922657482620577,-0.8023562567362218
0.9513505794596818,-0.962115564487951,-0.7199162452772808
0.8755052705739073,-0.9098710461276976,-0.6257795981030188
0.7677811971631241,-0.8367319532845009,-0.5214757737812621
0.6321007917761231,-0.7443778758623658,-0.4086994192168614
0.47340442866234156,-0.6349296629175636,-0.289282836355068
0.2974705356173807,-0.5109007187914338,-0.165166212373579
0.11070519075048105,-0.3751392844760529,-0.038366097039746604
-0.080091134655589,-0.23076302968218523,0.08905736061180183
-0.26797119386882795,-0.08108745765855775,0.2150338839683157
-0.4460939267975204,0.07045023310254353,0.3375167050730393
-0.6079735556280587,0.22037008180881013,0.45451581890906984
-0.7477157439785478,0.3652292803188133,0.5641303154434242
-0.8602322205771148,0.5017012349073207,0.6645792641255234
-0.9414260526202392,0.6266519592450476,0.7542306490529074
-0.9883408226658086,0.7372120442794875,0.8316278846883773
-0.9992682772545981,0.8308425522771844,0.8955134813217903
-0.973810527574967,0.9053933218151986,0.9448494757787088
-0.9128945373296485,0.9591523447869942,0.9788342954337045
-0.8187383702746326,0.9908850815131364,0.996915781535029
-0.6947704264196151,0.9998628111118072,0.9988001602478703
-0.5455046076491763,0.9858793660820365,0.9844568156616993
-0.3763759582150729,0.9492558668012075,0.9541187872136231
-0.19354276473299634,0.8908333472123237,0.908278983445998
-0.003662321588564339,0.8119534410471388,0.8476821736142048
0.18635147345157946,0.714427572113005,0.773312887258672
0.3695798670318815,0.6004953561677052,0.6863794183394558
0.539351174800958,0.4727731696551339,0.5882941938216167
0.6894837097657363,0.3341940663861359,0.48065082566733336
0.8145108689364395,0.18794042193728502,0.365198219075968
0.9098801824417887,0.037370852543644466,0.24381215764115707
0.9721190773683669,-0.1140569132562753,0.11846482708705204
0.9989613205564803,-0.2628654390227086,-0.00880722726180782
0.989429536336699,-0.40563743739547786,-0.13593618867503912
0.9438707945838258,-0.5390942457918259,-0.2608565652842858
0.863943973261486,-0.660171118679765,-0.3815387485785518
0.7525593556104623,-0.7660876073907945,-0.4960219888948274
0.6137726613587209,-0.8544114112469635,-0.6024462521440511
0.4526373704725852,-0.9231142337043344,-0.6990824401892213
0.2750207166141216,-0.9706183608141743,-0.7843604838786941
0.08739005032293601,-0.9958328923589543,-0.8568948523009301
-0.1034226491663448,-0.9981787936395741,-0.9155070638063744
-0.290469538911082,-0.9776021926164211,-0.959244833054967
-0.46693989605931724,-0.9345756170444074,-0.9873975430030483
-0.626408108852614,-0.8700871431919899,-0.999507790452924
-0.7630676450224355,-0.7856177053365426,-0.9953788175820381
-0.8719424783584554,-0.6831070871081905,-0.9750777087100817
-0.9490682750168082,-0.5649093756679443,-0.9389343003654708
-0.9916367422400291,-0.43373890168487267,-0.8875358223595761
-0.9980978834850813,-0.29260790656423874,-0.8217173569363362
-0.9682164366613341,-0.1447573683566817,-0.7425482710095451
-0.9030804404579619,0.006417425115350511,-0.6513148419261486
-0.8050616168449628,0.1574448467508658,-0.5494993590386211
-0.677729012294129,0.3048566537436333,-0.4387560406276688
-0.5257190422026755,0.4452676334374373,-0.3208841574582676
-0.3545666704421766,0.5754533424499751,-0.19779879963646227
-0.17050387109734894,0.6924241538388913,-0.0714997617241564
0.019767289224851013,0.7934939118667244,0.05596094835780247
0.20931868602343026,0.8763416177545066,0.1825124487483298
0.3912484027171587,0.9390647298522092,0.3060986297138201
0.5589320421795813,0.980222854223675,0.4247115597098974
0.7062639332779542,0.9988708223212093,0.5364241086816526
0.8278794496402669,0.9945803961433637,0.6394212585645255
0.9193503456134008,0.9674501024316122,0.7320295922772826
0.9773459968691803,0.9181029700702287,0.8127444820930979
0.9997546745899761,0.8476722226484642,0.8802545356532473
0.9857604374166803,0.7577752547456441,0.9334629024438066
0.9358728413811627,0.6504764895562751,0.971505094564358
0.8519083860296709,0.5282399708047056,0.9937630322508104
0.7369243723181047,0.3938727776440312,0.99987508595167
0.5951075806354029,0.2504605619779017,0.9897419518019657
0.4316218223938959,0.10129668854711886,0.9635282650347279
0.25241991611488995,-0.05019339496884563,0.9216599251165728
0.06402693430760739,-0.2005308210459436,0.8648171760664964
-0.12669738647689507,-0.34626319216025053,0.7939235543834382
-0.3128084213279121,-0.4840438627670124,0.710130884148063
-0.4875295235992938,-0.6107087927568589,0.6148005630865427
-0.6444987751346729,-0.7233492075014364,0.5094814436458055
-0.778000635462108,-0.8193783958995547,0.39588466845117487
-0.8831740551829597,-0.8965911124518019,0.27585586900020787
-0.9561894757619913,-0.953214219235058,0.15134517928659513
-0.9943882708293039,-0.9879474048181922,0.024375551549291254
-0.9963795516786631,-0.9999930450364559,-0.10299011107221263
-0.9620908120951623,-0.9890745198920962,-0.22868247097358113
-0.8927705684404741,-0.9554425659459077,-0.3506593770634757
-0.7909428988653047,-0.8998695183213413,-0.46693904403621006
-0.6603155369603315,-0.8236315745496561,-0.5756322508683706
-0.5056448663255682,-0.7284794875549612,-0.6749730354033945
-0.3325627318554064,-0.6165983607949131,-0.7633473863226062
-0.14737137386033933,-0.49055746883459744,-0.8393194663379032
0.04318604814704504,-0.35325125569019594,-0.9016549405522699
0.23217098634888605,-0.20783286587567734,-0.9493410309671402
0.4127021499680755,-0.05764173456715867,-0.9816029713066733
0.5782060657796386,0.09387310027205849,-0.9979165948138383
0.7226564304163036,0.24323220272049265,-0.9980168505016461
0.8407935392085768,0.3870056417960461,-0.9819021094941458
0.9283158017498288,0.5218917575061168,-0.9498341914911259
0.9820363707508155,0.6447929812409403,-0.9023341109265443
0.999999181037637,0.7528869693461038,-0.8401736119337694
0.9815501734988491,0.8436914163397108,-0.7643626296509174
0.9273611105861602,0.9151210593824115,-0.6761328815851261
0.83940511620241,0.965535564931122,-0.5769178556305082
0.7208848306145992,0.9937771978917369,-0.4683295198787554
0.5761157964044747,0.999197408224199,-0.35213213262318044
0.4103693215894674,0.9816717244564388,-0.23021357807075407
0.22968054155835144,0.9416026120877251,-0.10455469347705029
0.04062866864085298,0.8799102312401068,0.02280291394719204
-0.1499025691692236,0.7980113058022454,0.1497900374721783
-0.33497557746904844,0.6977865893214896,0.27434348970055206
-0.5078515060770787,0.5815376747680148,0.39443962362148666
-0.662235623019282,0.4519341400056803,0.5081272112435223
-0.792506517350644,0.31195224273810734,0.613559145619861
-0.8939207851141416,0.16480657275927724,0.7090224511963878
-0.9627857454428709,0.013876231068502075,0.7929661148978602
-0.9965938978932358,-0.13737276890339686,0.8640262857744395
-0.9941142251690313,-0.2854670959532416,0.9210484337845215
-0.9554370167357016,-0.4270058638123594,0.9631061076952653
-0.8819705812140817,-0.5587387302043864,0.9895159873371446
-0.7763899672614354,-0.677640538761958,0.9998489856552653
-0.6425395601073448,-0.7809807897009168,0.9939372201800108
-0.4852931003843795,-0.8663863439049896,0.9718767406500171
-0.3103762222267963,-0.9318959204639103,0.9340259684711909
-0.12415797235267785,-0.976005136165814,0.880999873366224
0.0665810986947122,-0.997701052642357,0.8136599818278363
0.2548958289203713,-0.9964854378146919,0.7331003797106062
0.4339293310578835,-0.9723862074568917,0.6406299363802627
0.597162664503984,-0.9259567841290393,0.5377510392286234
0.738652201990569,-0.8582633882016502,0.4261351840590831
0.8532460480352176,-0.7708605528244802,0.30759581793098595
0.936771628974652,-0.6657554251219275,0.1840588756910881
0.9861876240811875,-0.5453616734139888,0.057531488891488694
0.9996947056697592,-0.41244405895231884,-0.06993062451295987
0.976801055943426,-0.27005494504410876,-0.1962565598610875
0.9183402749880706,-0.12146420158880418,-0.31939387222356064
0.8264410278530872,0.029915885277206473,-0.43734192292176066
0.7044495359238817,0.18060897402869525,-0.5481843843392531
0.556807734818651,0.3271544995884645,-0.6501203749130727
0.38889153530533094,0.4661871428687355,-0.741493718447948
0.20681507645784403,0.5945141130526739,-0.8208198523708994
0.017208098555558715,0.7091884678806202,-0.8868099477420492
-0.17302545800958716,0.8075767881901083,-0.9383918491385425
-0.3569588379589011,0.8874196526096126,-0.9747274941967409
-0.5278946870847117,0.9468835236453921,-0.9952265297936044
-0.679608915291513,0.9846028536325448,-0.9995559036421968
-0.8065773272161555,0.9997114436154965,-0.9876452754645837
-0.9041767683878608,0.9918623350223982,-0.9596881598256163
-0.9688534628243801,0.9612357773345577,-0.916138782059735
-0.9982524125816831,0.9085350887787619,-0.8577046983732282
-0.9913031475802632,0.8349705050988749,-0.7853353000247706
-0.9482587033985999,0.7422313873087985,-0.7002063883592686
-0.8706864077802292,0.6324474266569725,-0.6037010713078533
-0.7614108113347203,0.5081397377042294,-0.4973872917326936
-0.6244108404312119,0.3721629626294577,-0.38299235271851234
-0.4646749171377064,0.2276397162986232,-0.26237485370392877
-0.2880193215566642,0.0778888775218845,-0.13749449341240114
-0.10087641032014086,-0.07365062675827233,-0.010380230201113652
0.08993959740000279,-0.22349879410330462,0.11690268286645933
0.277480738202302,-0.3682144624858585,0.24228625263597126
0.45491829264061906,-0.5044743342532204,0.36373334499647336
0.615791431516122,-0.6291492934149472,0.479270782641099
0.7542424666058389,-0.7393762636796793,0.5870214037076567
0.865230139913695,-0.832623957069825,0.6852345604353941
0.944713185188687,-0.906751003241528,0.7723145623197178
0.9897974778958465,-0.960055124609385,0.84684660164263
0.9988414156379198,-0.9913122280022718,0.907619740161246
0.9715156919317255,-0.9998045151368566,0.9536465834846319
0.9088152868656537,-0.9853369663707193,0.9841793234850903
0.8130232380362934,-0.9482418191968172,0.9987218880993516
0.6876275109312597,-0.8893709386336924,0.9970380011192104
0.5371939956613221,-0.8100762547202601,0.9791550210224365
0.36720025446525095,-0.7121787163549258,0.9453634964736398
0.18383607354819884,-0.597926474433109,0.8962124457169639
-0.0062219184706592415,-0.46994325457926894,0.8325004365573372
-0.1960533589420867,-0.33116810505874367,0.7552626118557869
-0.3787461343773313,-0.18478790351796323,0.6657538713383605
-0.5476480632712765,-0.03416417249019086,0.5654284829675298
-0.6966091143220219,0.11724411570069695,0.45591645513450635
-0.8202053404335657,0.265959971905066,0.338997053558618
-0.9139363746511827,0.4085682368566939,0.21656989317043177
-0.9743892968372847,0.5417940080003268,0.090624074655084
-0.9993629043994947,0.6625778454185662,-0.03679413289889466
-0.9879478621441016,0.7681460298046907,-0.16361453817822993
-0.9405598128505778,0.8560742590544927,-0.28777666249313977
-0.8589242429500117,0.9243433207278883,-0.4072632168224651
-0.746013654376092,0.9713854618997938,-0.5201328771468731
-0.6059393302775246,0.9961203915479412,-0.6245518255621336
-0.44380163560245944,0.9979800887070924,-0.7188235447172384
-0.26550430338698144,0.9769218466871339,-0.8014163815005265
-0.07753946892735358,0.933429253803401,-0.8709884321407098
0.11324872086138744,0.868501088097389,-0.9264093444091168
0.29991331548005695,0.7836283810731325,-0.9667786826980405
0.47565751214860963,0.6807601771650428,-0.9914405575937723
0.634082139953336,0.562258775247924,-0.9999942822544686
0.7694186654833312,0.43084548003767864,-0.9923008824563616
0.8767392357900998,0.2895381091651736,-0.9684853545381794
0.9521361106184147,0.14158169103113682,-0.928934634558463
0.9928639504490658,-0.009626055080926335,-0.8742913116613158
0.9974397793832135,-0.16061274533488595,-0.8054431877909219
0.9656969830348545,-0.3079110722931981,-0.7235088533803719
0.8987913752684645,-0.44813842929204817,-0.6298195133697738
0.7991591128806754,-0.5780745897203924,-0.5258973588302446
0.670427990630118,-0.6947356573506803,-0.4134308355947184
0.5172853465274383,-0.7954425895018344,-0.2942472117115055
0.34530738719773,-0.8778827194462412,-0.1702828894231429
0.1607561478944837,-0.9401628652403402,-0.04355194401827088
-0.02964851977396749,-0.9808528053701688,0.08388659928735355
-0.218973630057507,-0.9990181228231542,0.20996221878107904
-0.40032550588498705,-0.9942416633441488,0.33262653646966617
-0.56710079038357,-0.9666331151013535,0.4498865985217714
-0.7132268873030269,-0.9168264897715661,0.5598372552220318
-0.8333830754653094,-0.8459655628899311,0.6606921143525626
-0.9231942460533658,-0.7556776078167341,0.7508125650956418
-0.9793902084068886,-0.6480360265029639,0.8287344008998024
-0.9999247637063585,-0.525512735213892,0.8931916087619359
-0.9840502108527452,-0.3909213986403886,0.9431369384157285
-0.9323445716459979,-0.24735281598830014,0.9777589172343653
-0.8466905439433207,-0.0981039428607326,0.9964950344026758
-0.730206949151663,0.05339782110220199,0.9990408801526144
-0.5871351701777673,0.20367334014283897,0.9853550915749263
-0.422684714840029,0.3492716383905778,0.9556600246513249
-0.24284352806342233,0.48684914919355676,0.9104381415885268
-0.054159959741277235,0.6132464978701823,0.8504241721499085
0.13649567278347002,0.7255610546163628,0.7765931763413579
0.3221812456665356,0.8212135914399126,0.6901447023994026
0.4961356041181526,0.8980075123906164,0.5924832974702944
0.652024748541077,0.9541792969036967,0.48519568762723375
0.7841724671590095,0.9884389978593466,0.37002499798697447
0.8877670173749084,0.9999998643477224,0.24884243177717194
0.9590363302094187,0.988596408872594,0.12361686849082591
0.9953853583017973,0.9544905040925123,-0.0036171249267905074
0.9954905663790873,0.8984653690919493,-0.13079235012951662
0.9593481236208035,0.8218075832836341,-0.2558425635911527
0.8882740431462035,0.7262775409806698,-0.3767360473131411
0.7848562635450654,0.6140690251292985,-0.4915086185885016
0.6528604172520814,0.4877588285641178,-0.5982955425051741
0.4970927169122971,0.35024757969980075,-0.6953618286994847
0.3232249522986044,0.20469313155724106,-0.78113042012167
0.13758796996656317,0.05443804380023052,-0.8542078158245533
-0.05305884456574655,-0.09706717689125524,-0.9134067114763209
-0.2417736885334936,-0.24634331537814172,-0.9577652897520679
-0.4216851057896441,-0.38996234588972795,-0.9865628471889337
-0.5862421892193992,-0.5246261543218628,-0.9993315036119124
-0.7294531113718956,-0.6472422772013793,-0.9958638038847522
-0.8461032979685593,-0.7549949180225866,-0.9762160884786466
-0.9319453001871914,-0.8454096101135815,-0.9407075780963526
-0.9838534521214308,-0.9164100410932988,-0.8899151872240451
-0.9999376820514788,-0.9663657339839948,-0.8246641508762758
-0.9796123334476289,-0.9941294900145992,-0.7460146168233059
-0.92361748980659,-0.9990637332662149,-0.6552444211398623
-0.8339920268439475,-0.9810551521727985,-0.553828326924684
-0.7139993732622718,-0.9405173016447845,-0.4434140635039076
-0.5680086832823458,-0.878381106059689,-0.32579555541456173
-0.401335747665408,-0.7960734812120794,-0.2028837761226927
-0.2200494359497537,-0.6954845661554093,-0.07667570002209995
-0.030750717697822526,-0.5789243174343507,0.05077814284269511
0.15966769100191286,-0.44906946249178414,0.1774069821837778
0.3442723040629844,-0.30890203042965386,0.30115345172480285
0.5163413264399208,-0.16164087172327665,0.42000701567806775
0.6696094071054401,-0.010667739492646997,0.5320366343564639
0.7984957720574022,0.14055037017554634,0.6354221381949722
0.8983074306116068,0.28854083545310144,0.7284838004412485
0.9654100558635145,0.42990515518684125,0.8097096280412432
0.9973603172458465,0.5613969931838874,0.8777799273189971
0.9929948467089094,0.6799967281312596,0.9315887453266364
0.9524725991007946,0.7829807971613955,0.970261838502317
0.8772690643276698,0.867984240635163,0.993170876695363
0.7701225420400895,0.9330550118438247,0.9999436517828342
0.6349344350833545,0.9766988044442251,0.9904701250157794
0.4766271922114435,0.9979133681954226,0.9649042148427133
0.30096507263301786,0.9962115249590329,0.9236612961631283
0.11434425868323514,0.971632356416369,0.867411451641218
-0.07644004099285048,0.9247403065840083,0.7970685847271858
-0.26444101754229915,0.856612219737906,0.713775571269246
-0.4428132080497513,0.7688126114113838,0.6188856909613076
-0.6050617514902734,0.6633577403518315,0.5139406403136431
-0.745278878619374,0.5426693064993897,0.4006454843745884
-0.8583590247667527,0.409518838282281,0.28084095416809657
-0.9401847328791387,0.2669640463370061,0.15647353993669683
-0.987776577739267,0.11827860524734486,0.02956386609144245
-0.9994016523429131,-0.033123024183067784,-0.0978261383120909
-0.9746366662447428,-0.1837640057185519,-0.22362674018334436
-0.9143833583455102,-0.33018497088895715,-0.3457940298001676
-0.8208356629125817,-0.4690234610517781,-0.46234312865433125
-0.6973998243796423,-0.5970911439854845,-0.5713804382040756
-0.5485703696933717,-0.7114470317871148,-0.6711344055812045
-0.3797664542829542,-0.809465018674533,-0.7599843063955926
-0.1971345405983098,-0.8888941877332999,-0.8364865769966267
-0.007324594055711558,-0.9479105017044214,-0.8993982683656043
0.18275205448969475,-0.98515869076892,-0.9476972405786086
0.3661743630701257,-0.999783375404527,-0.9805987697360001
0.5362635865307297,-0.9914487095990973,-0.9975682975422118
0.6868264619807352,-0.9603460933276088,-0.998330116390543
0.8123807169381593,-0.9071897771809111,-0.9828718488445789
0.9083546890002607,-0.8332004600829912,-0.9514446487370898
0.9712537885183625,-0.7400772567640305,-0.9045591206191207
0.9987877430637788,-0.6299586787374123,-0.8429770238568673
0.9899539904785183,-0.5053735248261405,-0.76769889616168
0.9450741840158529,-0.3691828090046093,-0.6799477976363946
0.8657824803510691,-0.2245140591436408,-0.5811494394520018
0.7549660369175532,-0.07468949544376662,-0.472909020008365
0.6166598851702436,0.07685026210943988,-0.3569851449269173
0.455900007634985,0.2266252052611844,-0.23526125460288674
0.2785399684801309,0.37119585352829143,-0.10971502353981717
0.09103777442977005,0.5072422395471214,0.01761377135795076
-0.0997792731931032,0.6316401498833601,0.14465639148400264
-0.28696317312229985,0.7415328704849393,0.269348747775642
-0.4636982137118718,0.8343967891921851,0.3896649364175346
-0.6235491455902571,0.9080993487878314,0.5036501541413391
-0.760695500979911,0.9609480197341801,0.6094524583392965
-0.870143527683224,0.9917291679716517,0.7053528559783097
-0.9479080208267853,0.999735925205826,0.7897932324533858
-0.9911574315340071,0.9847844216607516,0.8614016666142904
-0.9983169688514651,0.9472180085242525,0.9190147206666699
-0.9691259407971421,0.8878993731196347,0.9616963427987811
-0.9046472466371647,0.8081907278735528,0.9887530754187167
-0.8072286747596791,0.709922528027018,0.9997453219106559
-0.6804174153617206,0.5953514364662015,0.9944944888566107
-0.5288309007002461,0.4671085009823237,0.9730858876825116
-0.357988675852206,0.32813873403487887,0.9358673485849275
-0.17411142188021805,0.18163348252815475,0.8834435692582593
0.016105550658635306,0.0309571406834837,0.8166662902398639
0.20573609034064488,-0.12043011100334891,0.7366204564964126
0.3878753988459945,-0.26905176647185436,0.6446065900871982
0.5558914474230959,-0.41149482971209633,0.5421196602995608
0.7036664613091778,-0.5444881919146389,0.4308247945579359
0.8258196792127802,-0.6649777502765581,0.3125302247366629
0.9179032767742019,-0.7701965434110456,0.18915790842369332
0.9765643200683695,-0.857728292748176,0.06271230245790882
0.9996668521241353,-0.925562890741467,-0.0647522039168207
0.9863696670640554,-0.9721425616310202,-0.1911646671602169
0.9371569399646499,-0.9963976347124703,-0.31447123650542436
0.8538205971472914,-0.9977711086027682,-0.43266852331883704
0.7393950688299702,-0.9762314424010099,-0.5438361505906774
0.5980467999165544,-0.9322732800039386,-0.6461679537176804
0.43492254203967295,-0.8669060909427017,-0.738001325651984
0.25596195082441725,-0.7816309885963798,-0.8178442296392132
0.0676813120526999,-0.6784062581363708,-0.8843994406639328
-0.12306372834194489,-0.559602385829104,-0.9365856217464377
-0.3093277910094962,-0.4279476224188705,-0.9735548926596754
-0.48432865727829,-0.2864653306907673,-0.9947066056236232
-0.6416942222678832,-0.1384045559849134,-0.9996971041602986
-0.7756945150012425,0.012834585936946618,-0.9884453065552599
-0.8814503372348829,0.1637789902551005,-0.9611340232098449
-0.9551109240820191,0.3109623205999804,-0.918206986480845
-0.9939941574768811,0.45100461112738566,-0.8603616412644561
-0.9966842270491347,0.5806898851528837,-0.788537813457457
-0.9630831823953587,0.697040007885837,-0.7039024404015862
-0.8944144996342125,0.7973830772848632,-0.6078306113989105
-0.7931785323804253,0.8794147824848919,-0.5018832263370494
-0.6630614692498767,0.9412513207409521,-0.38778163540943045
-0.5088011129213809,0.9814726576867921,-0.26737967196454926
-0.336014367987296,0.9991551374656898,-0.14263353287261513
-0.15099271907935677,0.9938926938638024,-0.015569995769808637
0.03952685371130035,0.9658061753467143,0.11174651043850593
0.22860718072669992,0.91554056985598,0.23724744680292276
0.4093634979068149,0.8442501930963647,0.3588937723319153
0.5752141337694869,0.753572180454757,0.4747090727340238
0.7201201602297916,0.6455888912909462,0.582811671650435
0.8388052811293141,0.5227800889603538,0.6814452026597776
0.9269479519280799,0.38796599472222126,0.7690071453451276
0.9813387351258956,0.2442425232618192,0.8440748617915399
0.9999971618116329,0.09491018709919873,0.9054287104934717
0.9822438441955077,-0.05660169745324485,0.952071862135424
0.9287252133737639,-0.20681376222536774,0.983246495294479
0.8413899815780733,-0.3522764885310051,0.9984461089297058
0.7234181859626816,-0.4896494230364451,0.9974237516146416
0.5791053975759906,-0.6157778890167056,0.9801960338108001
0.4137063116820613,-0.7277654313773185,0.9470428579938928
0.23324341459715173,-0.8230403317907663,0.8985028710174668
0.044287693835617606,-0.8994146664721168,0.8353647126003985
-0.1462806236864455,-0.9551345503720806,0.7586542021259635
-0.3315225934253287,-0.9889204139634333,0.6696176719313496
-0.504693213001366,-0.9999963876915996,0.5697017178752756
-0.659487020197845,-0.988108119295323,0.46052969618064854
-0.7902676864906762,-0.9535286148346783,0.3438753484131631
-0.8922732461838031,-0.8970519692911587,0.22163398311655003
-0.9617894883786958,-0.8199751307123784,0.0957916823227092
-0.9962851982556531,-0.7240681166754964,-0.031606966754750304
-0.9945043232822152,-0.61153336702818,-0.15849209057337335
-0.9565117084065909,-0.48495516634397656,-0.2828021589472031
-0.883690734933282,-0.34724029757127095,-0.40251747917579866
-0.7786929490538094,-0.20155128972471156,-0.515693010430532
-0.6453415141507206,-0.051233792540902635,-0.6204899652556974
-0.4884920023550411,0.10026025410982858,-0.7152056847479767
-0.31385559419353054,0.24945189169271192,-0.7983013020257244
-0.12779112395355646,0.39291503494327534,-0.8684267445336764
0.06292645722226715,0.5273551496031055,-0.9244426689652078
0.2513527698248536,0.6496849091755408,-0.9654389724206551
0.4306268636672782,0.7570950932949646,-0.9907495790469819
0.5942210377577837,0.847119099576499,-0.9999632619169113
0.7361785259536638,0.9176895874750107,-0.992930324322204
0.851330393822607,0.9671859533654384,-0.9697650319286142
0.9354837490956521,0.9944715466112615,-0.9308437562767818
0.9855744126217483,0.9989197719792187,-0.8767988597920051
0.9997784907921115,0.9804284789759369,-0.8085084216544686
0.9775787868764592,0.9394223076650685,-0.7270819714559468
0.9197836331115475,0.876842937094821,-0.6338424624313638
0.828497457830907,0.7941274602741994,-0.5303047771500327
0.7070441593410141,0.6931753823019449,-0.4181511148892831
0.5598460766425138,0.5763049995139791,-0.29920366057716574
0.39226296389636195,0.4462001613727131,-0.17539497935786322
0.210396831871813,0.3058486376755304,-0.048736617785737076
0.02086976246005587,0.15847350643789926,0.07871357820876279
-0.16941721356280948,0.0074591380820719835,0.20488489758921608
-0.35353539581687926,-0.14372652434547867,0.32772740750552276
-0.5247807011011705,-0.2916116041455328,0.4452452589984843
-0.6769177714496318,-0.43280002027127723,0.555529113991654
-0.8044070150355176,-0.5640494760374584,0.6567871667220722
-0.9026063129449143,-0.6823459162754634,0.7473742555979558
-0.9679400473034597,-0.7849727430760176,0.8258185924966681
-0.9980292961295666,-0.8695732006266811,0.8908456752262481
-0.9917784542792158,-0.9342044965184615,0.9413989946395497
-0.9494151264535146,-0.9773824166622322,0.9766571999679734
-0.8724818396910164,-0.9981154092635982,0.9960474434859632
-0.7637798771081775,-0.9959273551406079,0.9992546876924916
-0.6272672780053516,-0.9708685014794315,0.9862268237938204
-0.4679147183427484,-0.9235143079416429,0.9571755183263992
-0.29152451924475326,-0.854952231621482,0.9125727741646402
-0.10451937376706404,-0.7667567543276336,0.853143261787625
0.08629151522422537,-0.6609532256711416,0.7798525454003195
0.273960370710081,-0.5399713522785438,0.6938913952020639
0.4516538229167107,-0.4065894012190539,0.5966564406843233
0.6129017249347817,-0.2638703989764291,0.48972747928777344
0.7518327427228246,-0.11509179111307198,0.3748418090899028
0.8633881412279212,0.036329822055291804,0.2538660025455356
0.9435059822756494,0.18691714537992773,0.1287655798784467
0.9892690272441012,0.3332120426152959,0.0015730748470681288
0.9990109591120822,0.4718549501839058,-0.12564498827326842
0.9723770561406437,0.5996620272865141,-0.2508216699594047
0.910337107946992,0.7136982706571823,-0.37192319745605096
0.8151501036726826,0.8113449149323964,-0.48698200792379437
0.6902819780152014,0.8903595708301794,-0.5941287158602129
0.5402794101417673,0.9489277201065155,-0.6916224854124562
0.37060427070020124,0.985704384742167,-0.7778793141157281
0.1874347450171361,0.9998450134551318,-0.8514977685256249
-0.002559626044974014,0.9910248762508286,-0.9112817536119231
-0.192460796393505,0.9594465216272554,-0.9562599459744892
-0.37535411354601594,0.9058351251854375,-0.9857015751457242
-0.5445800939029857,0.831421836461186,-0.999128296577161
-0.6939769068499384,0.7379155064069373,-0.9963219634073208
-0.8181047383951466,0.6274634447829704,-0.9773281707411883
-0.9124438648478146,0.5026021086380147,-0.9424555148566298
-0.9735592243085406,0.36619885428508314,-0.8922705793735917
-0.9992254936198203,0.22138609039891347,-0.8275887298468766
-0.9885081164938733,0.07148934436492792,-0.7494608663447501
-0.9417973324337695,-0.08004910621271463,-0.6591563492471109
-0.8607939673920948,-0.22974928309303164,-0.5581423756714965
-0.7484475035555468,-0.3741734227498095,-0.44806014160260915
-0.6088486832488478,-0.5100049222907632,-0.33069817702442855
-0.44708055744850284,-0.6341245030045114,-0.2079632872848138
-0.2690334025050315,-0.7436818424909157,-0.08184957281456079
-0.08119024429801054,-0.8361610303912566,0.045593969455727267
0.10960920071469392,-0.9094383445715792,0.17229673659413353
0.2964175722104253,-0.9618310209681552,0.296200161203321
0.4724328322273942,-0.992135897128472,0.41529115741247946
0.63124593993452,-0.9996570420249156,0.5276348279210255
0.7670742166498831,-0.9842217376411175,0.6314059006956069
0.874971903855767,-0.9461844453246386,0.724918384561563
0.9510102474043335,-0.8864186658213462,0.806652961868
0.9924205507150501,-0.806296879920334,0.8752816731718984
0.9976949881328253,-0.7076590303589162,0.9296894928838291
0.966641507645987,-0.5927702687794818,0.9689924453310402
0.9003908238548735,-0.46426893805082636,0.992551966902386
0.8013552465641193,-0.32510598450484424,0.9999852809300875
0.6731408441255164,-0.17847719144567273,0.9911716167454593
0.5204161398266237,-0.02774979014301526,0.966254171866214
0.34874212233208274,0.1236148663613512,0.9256377854352673
0.16436975981157484,0.2721407908900396,0.8699823607111887
-0.025987609360699826,0.41441718582956355,0.800192143476525
-0.21539872166026083,0.547176769795511,0.7174010305600284
-0.39696676852368384,0.6673708085443792,0.6229541471684195
-0.5640805218913028,0.7722391270978304,0.518385992344783
-0.7106550612359716,0.8593734952981302,0.4053955076290814
-0.8313533367623827,0.9267729311884133,0.2858184739856796
-0.9217805012509886,0.9728896522127765,0.16159768547099854
-0.9786439345654181,0.9966646189980539,0.03475138423620198
-0.9998731340352064,0.9975518554782541,-0.092659530291711
-0.984695105283634,0.975530986866424,-0.21856498529084578
-0.9336625083811628,0.9311077075478803,-0.3409193674674929
-0.848633534471147,0.8653021681499545,-0.4577347585799377
-0.7327042455970798,0.7796255484713577,-0.56711323357822
-0.5900958413630898,0.6760453542580304,-0.6672776966049467
-0.426000957257119,0.5569402347615988,-0.7566007538579498
-0.2463945911986193,0.4250453586647128,-0.8336311542111141
-0.05781654282473551,0.28338960277827163,-0.8971173680068686
0.13286671269787453,0.13522599592971582,-0.9460279209305337
0.3187120457205655,-0.016042984648470714,-0.9795681525977515
0.4929524842917049,-0.1669435489119436,-0.9971931275744459
0.6492436121082963,-0.31401036724841624,-0.9986164890612714
0.7818945804359588,-0.4538661494333246,-0.9838151113947755
0.8860753224259121,-0.5832992018204431,-0.9530294757750775
0.9579924247732184,-0.6993371817188299,-0.9067597631155413
0.9950272529041015,-0.7993153552366266,-0.845757727494758
0.99583130029907,-0.8809377910963989,-0.7710144822446326
0.9603752901068865,-0.9423300851473506,-0.683744397116656
0.8899502411687876,-0.9820824047915704,-0.5853653681526017
0.7871204596371197,-0.9992818648381173,-0.47747578081934605
0.655630167850469,-0.993533491295305,-0.36182854069276954
0.5002671702802256,-0.9649692916818441,-0.24030259361986
0.3266885207236721,-0.9142452235632701,-0.11487239807713609
0.1412145385229526,-0.8425261309291703,0.012424154285381638
-0.04940132593977337,-0.7514589943371321,0.13951884871275708
-0.23821839684889254,-0.6431351091158553,0.2643467500798015
-0.4183614957855845,-0.5200420601793379,0.384879752340879
-0.5832712796769937,-0.38500659631828227,0.49915952960965154
-0.726943078596758,-0.2411297158219425,0.6053293535054086
-0.8441455368916756,-0.091715454145341,0.7016642598226402
-0.9306110965066292,0.05980499103499169,0.7865990743994156
-0.9831913866583376,0.20995205495987007,0.8587538428421924
-0.9999718618326228,0.3552777116437158,0.916956250944796
-0.9803415139240294,0.49244465546417027,0.9602606715321129
-0.925015120169834,0.6183029401332932,0.9879635282703814
-0.8360072167901761,0.7299623150880995,0.9996147268247856
-0.7165587460021913,0.8248585981440463,0.9950249676399511
-0.571019047325694,0.9008125602082794,0.9742688215309668
-0.4046874900952707,0.9560799698049431,0.9376835181151437
-0.2236205136314417,0.989391648173806,0.8858634667691232
-0.0344111010948183,0.999982615103883,0.8196505991305367
0.15605128321215728,0.9876096561876987,0.7401206900516893
0.34083155196992043,0.9525569080759894,0.6485658792517086
0.5132015141845612,0.8956293334712929,0.5464736776416729
0.6668848610532732,0.8181342357027717,0.4355027994115192
0.7962856979641705,0.721851237387585,0.31745621254006784
0.8966923013584722,0.6089914125985918,0.19425184558238356
0.9644486812907785,0.48214651104056766,0.06789142666766808
0.9970877027779832,0.34422944026746277,-0.05957203901274345
0.9934209187423847,0.19840737272640824,-0.18606762482695946
0.9535818435656439,0.04802901378006016,-0.30954012949764925
0.8790210915834357,-0.103452299051941,-0.42798346840390644
0.7724535575372551,-0.2525578996583779,-0.5394732668741203
0.6377595622407843,-0.3958636785558744,-0.6421981259195397
0.4798435629295146,-0.5300787152521889,-0.734489052427363
0.3044555729111612,-0.6521208520141567,-0.8148465756546069
0.11798179295710208,-0.759187473539894,-0.8819651094551948
-0.07278792206703186,-0.8488198671276092,-0.93475416442182
-0.26090729436242543,-0.9189596853533748,-0.9723560653044168
-0.43952655000588375,-0.9679962146304959,-0.994159885846337
-0.6021418318743798,-0.9948033641599229,-0.9998113746360391
-0.7428320170996325,-0.9987655258454298,-0.9892187107067706
-0.8564743160920227,-0.9797917113180561,-0.9625539953717719
-0.9389308027745502,-0.938317641422591,-0.9202504560568336
-0.9871990841167442,-0.8752957401824494,-0.8629954075601445
-0.9995216228122595,-0.7921732630247852,-0.7917190850993734
-0.9754497324595053,-0.6908590615363913,-0.7075795305778951
-0.9158599150625506,-0.5736797479753329,-0.6119437776262788
-0.8229219459736791,-0.443326266190721,-0.5063656411097588
-0.7000198683638206,-0.3027920959133802,-0.3925604719603877
-0.5516287739582622,-0.15530450951424618,-0.27237728749760093
-0.3831518566784384,-0.0042504598724441055,-0.14776873004193275
-0.20072367236813263,0.14690119871160262,-0.02075934191081507
-0.010986768280676282,0.2946793704139902,0.10658732776050049
0.17915018433950508,0.43569042926021395,0.2322022499502685
0.36276394774184556,0.5666961514552421,0.35404453171448236
0.5331688055477145,0.6846880790074223,0.4701345750181365
0.6841600020366452,0.7869566069357882,0.5785862396947791
0.8102396687662196,0.8711532075196755,0.6776374879757605
0.9068170121203037,0.9353443626527574,0.7656790127008514
0.9703754725866777,0.9780559657813827,0.8412803840814664
0.998600769186256,0.9983071737666743,0.9032132902043598
0.9904651667194961,0.9956329312852227,0.9504714936822346
0.9462648975039295,0.9700946505107109,0.9822871802113269
0.8676093750081251,0.9222788008247895,0.9981434334172601
0.7573625921336622,0.8532834409435679,0.9977826333077416
0.6195388379420097,0.7646930027402744,0.9812106418805728
0.4591565299727164,0.658541905836671,0.948696707882497
0.2820554843886007,0.5372678385295094,0.9007690922662881
0.09468427747930937,0.4036557779240432,0.8382064854202296
-0.09613455891595954,0.260774034814447,0.7620253556161236
-0.28345295839850915,0.11190379199729616,0.6734634342283428
-0.460450311945174,-0.03953624587681615,0.5739596060431621
-0.6206818188849488,-0.19006836054822315,0.4651305313848861
-0.7583131539991453,-0.3362356836008314,0.34874437988416807
-0.8683329060822921,-0.4746815811121823,0.22669210264169856
-0.9467350526835596,-0.6022267364860173,0.10095670953466228
-0.9906648267858189,-0.7159421613121226,-0.026418949175756257
-0.9985226641473539,-0.8132164576083327,-0.15336537347659235
-0.9700224463913307,-0.8918157868127092,-0.27782003721963056
-0.9062019191045503,-0.9499351683784232,-0.3977608984320378
-0.809384905603237,-0.9862399299338365,-0.5112392518717993
-0.6830966922324763,-0.9998963571326873,-0.616411390065349
-0.5319356661769895,-0.9905908393413679,-0.7115685584236339
-0.3614058796874362,-0.9585370714954636,-0.795164717749331
-0.17771663736850077,-0.9044711467397838,-0.8658416630717342
0.012443596074402968,-0.8296346525460967,-0.9224510906980986
0.20215073519285492,-0.735746158494814,-0.9640732549533738
0.3844971925400303,-0.6249617504844757,-0.9900319114880666
0.5528433966922993,-0.49982551767427896,-0.9999053043671812
0.7010595513123846,-0.36321112919359705,-0.993533018430567
0.8237488323596075,-0.2182558422699236,-0.9710185855928924
0.9164438964247591,-0.06828845723404528,-0.932727802738124
0.9757695449576052,0.08324712613289048,-0.8792827885380444
0.9995656214822958,0.23287099543343154,-0.8115518757549707
0.9869656668858451,0.37714713949344647,-0.7306355032506272
0.9384284687953661,0.5127623540396444,-0.6378483369167719
0.8557213562728707,0.6366023271995733,-0.5346979100127022
0.7418558480987308,0.7458231575718552,-0.4228601299447192
0.6009779978086427,0.837916662502459,-0.30415204943422897
0.4382174282240424,0.9107679768065244,-0.1805023444672295
0.2595005524073269,0.9627041192199648,-0.05391997867635682
0.07133478201242177,0.992532411285066,0.07353843672791542
-0.11942841959697585,0.9995678664063035,0.1998020571666298
-0.3058430117874321,0.9836489201051968,0.3228194501543305
-0.4811212948292307,0.9451411402395145,0.4405919253685461
-0.6388810625846812,0.8849288319841497,0.5512060078058868
-0.7733779904256944,0.8043947303596157,0.65286452642633
-0.8797147967068896,0.7053882466555368,0.7439158131817343
-0.9540195618388644,0.5901829979485889,0.8228805380256177
-0.9935867120342956,0.4614245950208472,0.8884757439099709
-0.9969755342484965,0.3220698876937545,0.9396356912672477
-0.9640626352033049,0.17531906276761255,0.975529173312808
-0.8960464343643307,0.024542153891587894,0.9955730208421845
-0.7954035272739511,-0.12679834898453388,0.9994415771079117
-0.6657985081317244,-0.2752270133551365,0.9870719888354855
-0.5119505351487931,-0.41733527512064694,0.9586652274141755
-0.33946149727797026,-0.5498597139614645,0.9146828236711809
-0.1546120390867343,-0.669756995583208,0.855839369279965
0.03586712911592287,-0.7742737598346673,0.7830909066340147
0.22504030887769996,-0.8610098497654014,0.6976193958182726
0.4060193551985165,-0.9279734296101884,0.6008135110467296
0.5722144866167034,-0.9736267259530413,0.4942460785706341
0.7175742313276307,-0.9969213416558302,0.3796485226285233
0.8368057724531047,-0.9973223315909736,0.2588827346202847
0.9255676692830864,-0.9748204872952476,0.1339108225528879
0.9806279371534926,-0.9299325484359287,0.00676323224511904
0.9999817299793036,-0.8636893362330937,-0.12049424176696712
0.9829243404047772,-0.7776120813460237,-0.24579401964288786
0.9300768595003368,-0.6736774898378246,-0.3671003286568023
0.8433635616891257,-0.5542723494548091,-0.48244227883947594
0.7259418383598883,-0.42213871865679686,-0.5899458844559963
0.5820872314127429,-0.28031095709525783,-0.6878645110593302
0.4170377528790006,-0.132046043591871,-0.7746072534398271
0.2368031592249889,0.019251218181911427,-0.8487647834079607
0.047946125015293835,0.17010638872320408,-0.9091322474557191
-0.14265671619368037,0.31705518085589895,-0.9547288422734811
-0.3280651627869685,0.45672301474754334,-0.9848137500745374
-0.5015281506550476,0.5859025128576163,-0.9988981748227014
-0.6567295719115245,0.7016271551980189,-0.9967532838077515
-0.7880182560512544,0.8012394034624337,-0.9784139255402132
-0.8906137395097187,0.8824517295998998,-0.9441780635600338
-0.9607803311741284,0.9433991473526017,-0.8946019353581836
-0.9959631357989922,0.982682040406561,-0.83049101506524
-0.9948810824625638,0.9993983036356561,-0.7528869267381124
-0.9575735707260737,0.9931640593369934,-0.6630505208675855
-0.8853990360229081,0.9641224727232598,-0.562441389066343
-0.7809854865145665,0.9129404642302641,-0.452694149766784
-0.6481348124578767,0.8407933941392152,-0.3355918902200577
-0.49168435235617397,0.7493380712211575,-0.21303719628992868
-0.3173307565268027,0.6406747052417556,-0.0870212407267094
-0.1314225615375329,0.5172986770615028,0.04040856784920797
0.059270971739628475,0.3820432338984452,0.16718184964022414
0.2478063394240308,0.23801442571803835,0.29123889158211436
0.4273186204316974,0.08851977689203022,0.4105641119498744
0.5912714409361017,-0.0630076688664176,0.5232188079521057
0.7336949758159805,-0.21308818603456797,0.6273726542566571
0.8494033210181632,-0.35827527682819704,0.7213334406841282
0.9341833219057954,-0.4952348176970939,0.8035745659144667
0.9849479820031873,-0.6208216252221203,0.8727598405104394
0.999848866241095,-0.7321516831296793,0.9277651962778175
0.978343405892858,-0.826668371778955,0.9676969492456986
0.9212146545042297,-0.9022011792064464,0.9919063195441973
0.8305427754669527,-0.9570155454682839,0.9999999722720154
0.7096292994262672,-0.9898526956386499,0.9918464080940784
0.5628769094500361,-0.9999585467263749,0.9675780997398131
0.39562913120373666,-0.9871010246818838,0.9275893396899202
0.21397576530790857,-0.9515753938211123,0.8725298340207374
0.02453114644585058,-0.8941974762797722,0.8032941464883999
-0.16580669678319224,-0.8162849172086196,0.7210071643570559
-0.3501072118303264,-0.7196269259418753,0.6270058221109835
-0.5216596764206892,-0.6064431880124398,0.5228173799894349
-0.6742175483503989,-0.4793328915717433,0.4101346102575686
-0.80222591362964,-0.3412150387880958,0.29078829436752346
-0.9010237511644716,-0.1952614129319884,0.1667174778542337
-0.9670136491468877,-0.04482374051399098,0.039937966241159056
-0.9977927934654074,0.10664327885243981,-0.08749042619020257
-0.9922404586064447,0.2556613072958198,-0.21349734265066034
-0.9505588153409524,0.3988082463684216,-0.33603552138008935
-0.8742655693131418,0.5327968232273658,-0.4531140579542326
-0.7661386985737578,0.6545500806368355,-0.5628307519416175
-0.6301153022665523,0.7612720372142932,-0.6634030123674207
-0.4711482435740671,0.8505118952558626,-0.7531968198564942
-0.29502580681812024,0.920220321651503,-0.830753274901325
-0.10816093533280885,0.9687965094367426,-0.8948123009194016
0.08264227565104013,0.9951249392441988,-0.9443331169913873
0.2704363286848299,0.9986009964529622,-0.9785111476549015
0.44838329532069954,0.9791448557552989,-0.9967910950169451
0.6100037977205457,0.9372033142909661,-0.9988759607994662
0.7494129347745893,0.8737395312524514,-0.9847318717349373
0.8615345622240361,0.7902109095841731,-0.9545886299126962
0.9422861244523938,0.6885356277074944,-0.9089359791344511
0.9887273078786823,0.5710485898478967,-0.8485156479402856
0.9991671032075053,0.44044780653531757,-0.7743092985838482
0.9732253782018923,0.29973243661327537,-0.6875225777523474
0.9118467190004179,0.15213391358022488,-0.5895655281627695
0.8172660359906128,0.0010417379002282661,-0.48202967929137414
0.6929271865924411,-0.15007436058755597,-0.3666621894483645
0.5433575780465876,-0.2977441026728344,-0.24533745931706588
0.3740033161518713,-0.4385763523940779,-0.12002667815861083
0.1910309024905056,-0.5693369921871276,0.007234202528436801
0.001102700712065134,-0.6870231922122816,0.13437754755460574
-0.18886565243670167,-0.788932368314889,0.2593376313578541
-0.3719570582234938,-0.8727242450464305,0.38008420029577433
-0.54150482027554,-0.9364745985106914,0.49465545861780963
-0.6913353913123865,-0.9787194448668385,0.601189942187222
-0.8159931634087952,-0.9984886597302522,0.6979567620935223
-0.9109391167593704,-0.995328256424252,0.7833837267808194
-0.9727160937761223,-0.9693108114777423,0.8560828857857603
-0.9990746805839311,-0.9210337979541909,0.9148730800703587
-0.989055112335799,-0.8516058648859801,0.958799132569665
-0.9430222200242416,-0.7626213778976281,0.9871473671611202
-0.8626521463108049,-0.6561238056752938,0.9994572039156511
-0.750871314074799,-0.5345587930875799,0.9955286422398866
-0.6117498699492936,-0.40071799860174273,0.9754255103292703
-0.45035348276198883,-0.2576749857311423,0.9394744281374956
-0.27255889317373766,-0.10871464072357091,0.888259500711125
-0.08483993069280674,0.04274226263438703,0.8226128281079396
0.10596821041876901,0.19321761877861116,0.7436009860864384
0.292917853197333,0.3392558627142772,0.6525076972176632
0.46920181573258807,0.477503324733729,0.5508129739655613
0.6284012732383764,0.604785245177851,0.44016907260279414
0.7647194793227442,0.7181786806489274,0.3223736486439469
0.8731928362344478,0.8150796274330134,0.19934054994565154
0.9498716286279855,0.893262820687729,0.07306872200447319
0.9919638399970978,0.9509328361474843,-0.05439026934505582
0.9979368151543488,0.9867653208299696,-0.1809655701664703
0.9675730670383221,0.9999374059085604,-0.304600684035391
0.9019781958193537,0.9901466033395477,-0.42328688438392387
0.8035406319546171,0.9576177522959075,-0.5350958507178178
0.6758446690221463,0.9030978558874415,-0.6382109984586678
0.5235399529691893,0.827838926738529,-0.7309569933884054
0.3521721799123371,0.7335692353632179,-0.8118269711684931
0.1679811670955427,0.6224536215993166,-0.879507019692324
-0.022326350384854986,0.49704378052261483,-0.9328975265008592
-0.21182092419655835,0.36021966449163556,-0.9711310444252196
-0.39360270678830483,0.2151233469855666,-0.9935863851893937
-0.5610526875875748,0.06508686700731016,-0.9998987119911772
-0.7080737034052839,-0.08644428894325414,-0.9899654670849976
-0.829312447412785,-0.2359903101413313,-0.9639480380598987
-0.9203543929345511,-0.38011697314190745,-0.9222691357403023
-0.977884534520863,-0.5155145064033338,-0.8656059263113651
-0.9998080934212693,-0.6390735969569454,-0.7948790292527822
-0.9853267923492403,-0.7479567936808444,-0.7112375598339981
-0.9349679222331099,-0.8396636674498591,-0.6160404591886565
-0.850565142579163,-0.9120882318028093,-0.5108344153026279
-0.735191714541015,-0.963567305500213,-0.3973287336381205
-0.5930485978027344,-0.9929187063589343,-0.27736756567630794
-0.42931148587483264,-0.9994683992681394,-0.15289994658737624
-0.24994234953079797,-0.9830659749506958,-0.02594812883247924
-0.06147235043547903,-0.9440881040107075,0.10142527381154724
0.12923597051830996,-0.8834298869473148,0.22715079798653953
0.31523857100326247,-0.8024842987758537,0.3491857537739971
0.4897627526688705,-0.7031102002967777,0.46554741272217975
0.6464537676018113,-0.5875896506119597,0.5743452216662217
0.7796062064389482,-0.4585755011776281,0.6738115189563244
0.8843717428637109,-0.3190304748611407,0.7623302540407934
0.9569356701253059,-0.17215912900994054,0.8384632437906181
0.9946558015597001,-0.021334264954895918,0.9009735389733343
0.9961586774879478,0.12998052609588737,0.948845521236114
0.9613895754207196,0.2783104020915085,0.9813014040778586
0.8916145026052467,0.42024906754072566,0.9978138697155492
0.7893740983623635,0.5525369967889309,0.9981146365308825
0.6583911247145727,0.6721362868248845,0.9821988179000362
0.5034349137424977,0.7763004206730232,0.9503250015877084
